[[ 0, 0, 2, 0, 0, 3, 1, 2, 6, 0, 4, 2, 4, 3, 0, 9, 2, 3, 1, 3, 0, 1, 7,14, 3, 4, 2,12, 3,11],
[ 0, 0, 0, 0, 1, 0, 0, 0, 0, 0, 0, 1, 0, 1, 0, 1, 0, 0, 0, 0, 0, 0, 0, 3, 2, 0, 0, 2, 0, 7],
[ 2, 0, 0, 0, 0, 0, 0, 2, 3, 0, 1, 2, 2, 4, 0, 4, 2, 5, 1, 2, 0, 1, 2, 9, 3, 2, 0, 2, 2, 9],
[ 0, 0, 0, 0, 0, 0, 0, 0, 5, 0, 0, 1, 2, 0, 0, 2, 2, 1, 0, 0, 1, 1, 1, 3, 1, 1, 0, 3, 1, 3],
[ 0, 1, 0, 0, 0, 2, 0, 3, 7, 1, 1, 0, 1, 4, 0, 1, 2, 5, 2, 1, 4, 3, 1, 9, 6, 1, 3, 6, 1,22],
[ 3, 0, 0, 0, 2, 0, 1, 5, 4, 2, 1, 0, 0, 6, 0, 5, 2, 1, 0, 3, 5, 1, 5,21, 9, 5, 1, 9, 6,19],
[ 1, 0, 0, 0, 0, 1, 0, 2, 2, 0, 0, 2, 0, 0, 1, 2, 2, 2, 1, 0, 0, 0, 2, 5, 1, 0, 1, 4, 0, 6],
[ 2, 0, 2, 0, 3, 5, 2, 0,15, 3, 3, 0, 4, 2, 0, 7, 5, 4, 3, 1,14, 3, 9,26, 8, 6, 6, 9,10,11],
[ 6, 0, 3, 5, 7, 4, 2,15, 0, 1, 5, 8,10,19, 2,18,10, 9, 1, 6,22, 9, 7,47,10,17, 2,17,11,16],
[ 0, 0, 0, 0, 1, 2, 0, 3, 1, 0, 0, 1, 2, 0, 0, 0, 0, 1, 0, 1, 3, 0, 0, 1, 3, 0, 3, 3, 1, 3],
[ 4, 0, 1, 0, 1, 1, 0, 3, 5, 0, 0, 5, 4, 4, 1, 9, 3, 5, 1, 4, 6, 0, 1,14, 6, 5, 1, 6,11, 3],
[ 2, 1, 2, 1, 0, 0, 2, 0, 8, 1, 5, 0, 3, 4, 0, 2, 2, 2, 0, 3, 7, 2, 3,16, 2,11, 4, 6, 9,12],
[ 4, 0, 2, 2, 1, 0, 0, 4,10, 2, 4, 3, 0, 5, 0, 6, 8, 3, 1, 2,12, 4, 5,23, 3,10, 6, 7, 9, 9],
[ 3, 1, 4, 0, 4, 6, 0, 2,19, 0, 4, 4, 5, 0, 0, 9,11, 5, 1, 6,12, 3, 5,23,11,14,10,22,10,37],
[ 0, 0, 0, 0, 0, 0, 1, 0, 2, 0, 1, 0, 0, 0, 0, 0, 0, 1, 0, 0, 0, 0, 0, 1, 0, 1, 0, 2, 0, 3],
[ 9, 1, 4, 2, 1, 5, 2, 7,18, 0, 9, 2, 6, 9, 0, 0, 8, 7, 3, 2,13, 2, 4,20,13,12, 6,17, 3,25],
[ 2, 0, 2, 2, 2, 2, 2, 5,10, 0, 3, 2, 8,11, 0, 8, 0, 3, 3, 3,13, 0, 7,21,22, 9, 2,19,14, 8],
[ 3, 0, 5, 1, 5, 1, 2, 4, 9, 1, 5, 2, 3, 5, 1, 7, 3, 0, 1, 3, 4, 6, 3,24, 9, 9, 2, 9, 9,15],
[ 1, 0, 1, 0, 2, 0, 1, 3, 1, 0, 1, 0, 1, 1, 0, 3, 3, 1, 0, 1, 9, 0, 0, 4, 4, 1, 1, 8, 1, 8],
[ 3, 0, 2, 0, 1, 3, 0, 1, 6, 1, 4, 3, 2, 6, 0, 2, 3, 3, 1, 0, 3, 1, 1, 8,10, 7, 1,11, 2, 8],
[ 0, 0, 0, 1, 4, 5, 0,14,22, 3, 6, 7,12,12, 0,13,13, 4, 9, 3, 0, 3,18,50, 6,15, 5,22,36,26],
[ 1, 0, 1, 1, 3, 1, 0, 3, 9, 0, 0, 2, 4, 3, 0, 2, 0, 6, 0, 1, 3, 0, 4, 6, 6, 5, 0,11, 2,14],
[ 7, 0, 2, 1, 1, 5, 2, 9, 7, 0, 1, 3, 5, 5, 0, 4, 7, 3, 0, 1,18, 4, 0,24, 7, 9,11,17,14,36],
[14, 3, 9, 3, 9,21, 5,26,47, 1,14,16,23,23, 1,20,21,24, 4, 8,50, 6,24, 0,12,32,14,26,29,33],
[ 3, 2, 3, 1, 6, 9, 1, 8,10, 3, 6, 2, 3,11, 0,13,22, 9, 4,10, 6, 6, 7,12, 0, 3, 6,26, 9,23],
[ 4, 0, 2, 1, 1, 5, 0, 6,17, 0, 5,11,10,14, 1,12, 9, 9, 1, 7,15, 5, 9,32, 3, 0, 2, 9,17,31],
[ 2, 0, 0, 0, 3, 1, 1, 6, 2, 3, 1, 4, 6,10, 0, 6, 2, 2, 1, 1, 5, 0,11,14, 6, 2, 0, 8, 3,14],
[12, 2, 2, 3, 6, 9, 4, 9,17, 3, 6, 6, 7,22, 2,17,19, 9, 8,11,22,11,17,26,26, 9, 8, 0,19,23],
[ 3, 0, 2, 1, 1, 6, 0,10,11, 1,11, 9, 9,10, 0, 3,14, 9, 1, 2,36, 2,14,29, 9,17, 3,19, 0,25],
[11, 7, 9, 3,22,19, 6,11,16, 3, 3,12, 9,37, 3,25, 8,15, 8, 8,26,14,36,33,23,31,14,23,25, 0]]
